июн. 11, 2023 8:35:37 PM HW_2 main
WARNING: No WARNING, everything is fine!
июн. 11, 2023 8:35:37 PM HW_2 main
INFO: 8, 22, 3, 1, 7, 
июн. 11, 2023 8:35:37 PM HW_2 main
WARNING: No WARNING, everything is fine!
июн. 11, 2023 8:35:37 PM HW_2 main
INFO: 8, 3, 22, 1, 7, 
июн. 11, 2023 8:35:37 PM HW_2 main
WARNING: No WARNING, everything is fine!
июн. 11, 2023 8:35:37 PM HW_2 main
INFO: 8, 3, 1, 22, 7, 
июн. 11, 2023 8:35:37 PM HW_2 main
WARNING: No WARNING, everything is fine!
июн. 11, 2023 8:35:37 PM HW_2 main
INFO: 8, 3, 1, 7, 22, 
июн. 11, 2023 8:35:37 PM HW_2 main
WARNING: No WARNING, everything is fine!
июн. 11, 2023 8:35:37 PM HW_2 main
INFO: 3, 8, 1, 7, 22, 
июн. 11, 2023 8:35:37 PM HW_2 main
WARNING: No WARNING, everything is fine!
июн. 11, 2023 8:35:37 PM HW_2 main
INFO: 3, 1, 8, 7, 22, 
июн. 11, 2023 8:35:37 PM HW_2 main
WARNING: No WARNING, everything is fine!
июн. 11, 2023 8:35:37 PM HW_2 main
INFO: 3, 1, 7, 8, 22, 
июн. 11, 2023 8:35:37 PM HW_2 main
WARNING: No WARNING, everything is fine!
июн. 11, 2023 8:35:37 PM HW_2 main
INFO: 3, 1, 7, 8, 22, 
июн. 11, 2023 8:35:37 PM HW_2 main
WARNING: No WARNING, everything is fine!
июн. 11, 2023 8:35:37 PM HW_2 main
INFO: 1, 3, 7, 8, 22, 
июн. 11, 2023 8:35:37 PM HW_2 main
WARNING: No WARNING, everything is fine!
июн. 11, 2023 8:35:37 PM HW_2 main
INFO: 1, 3, 7, 8, 22, 
июн. 11, 2023 8:35:37 PM HW_2 main
WARNING: No WARNING, everything is fine!
июн. 11, 2023 8:35:37 PM HW_2 main
INFO: 1, 3, 7, 8, 22, 
июн. 11, 2023 8:35:37 PM HW_2 main
WARNING: No WARNING, everything is fine!
июн. 11, 2023 8:35:37 PM HW_2 main
INFO: 1, 3, 7, 8, 22, 
